simple_rnn_1/simple_rnn_cell_1/kernel:0
(5, 3)
[[ 1.2320782  -1.2682086   1.0894213 ]
 [-1.524183    0.24517456  0.3418811 ]
 [-0.34959972  1.7270296   0.6678122 ]
 [-0.05724311  0.14816947 -0.10732539]
 [-1.1613181  -1.4973491   0.29198948]]
simple_rnn_1/simple_rnn_cell_1/recurrent_kernel:0
(3, 3)
[[-0.8788295  -0.9488892  -0.9037706 ]
 [ 0.4742912   0.91577345 -0.25947344]
 [ 0.9895787   0.34219486 -1.5348977 ]]
simple_rnn_1/simple_rnn_cell_1/bias:0
(3,)
[ 0.21840641 -0.03609928 -0.12269137]
dense_25/kernel:0
(3, 5)
[[-1.2761248   0.5158595  -0.70657074 -0.21797477  0.8067243 ]
 [-1.3822159  -0.75473416 -1.2248161   0.88049316  1.3584096 ]
 [ 0.68717337  1.0858474  -1.2327485   1.3440735  -1.0526487 ]]
dense_25/bias:0
(5,)
[-0.27017418  0.17943567  0.12239572  0.11277676 -0.26237404]
